1000 2 14.660000
1000 4 14.490000
1000 8 14.430000
5000 2 186.430000
5000 4 148.930000
5000 8 126.090000
10000 2 964.450000
10000 4 744.560000
10000 8 445.050000
20000 2 6814.730000
20000 4 5622.270000
20000 8 5119.50000
10 2 0.000014
10 4 0.000004
10 8 0.000005
100 2 0.004899
100 4 0.005000
100 8 0.004521
1000 2 3.772014
1000 4 3.771501
1000 8 3.774656
1000 2 3.744410
1000 4 3.840302
1000 8 4.387378
1000 4 1.341082
1000 4 1.338432
1000 4 1.339334
1000 4 1.340472
1000 4 1.345862
1000 4 1.352417
1000 4 1.353833
1000 4 1.350864
Success 1000 4 1.385896Success 1000 4 1.384708Success 1000 4 1.386491Success 1000 4 1.388496Success 1000 4 1.568275Success 1000 4 1.567926Success 1000 4 1.559992Success 1000 4 1.560223Success 1000 4 1.350482Success 1000 4 1.348469Success 1000 4 1.346644Success 1000 4 1.350230Success 1000 4 1.780337Success 1000 4 1.778608Success 1000 4 1.781047Success 1000 4 1.786595